4294967278,310
4294967278,309
4294967278,308
4294967279,402
1641,4
1641,3
1641,2
1641,1
1640,4
1640,3
1640,2
1640,1
1639,4
1639,3
1639,2
1639,1
1638,4
1638,3
1638,2
1638,1
1637,4
1637,3
1637,2
1637,1
1636,4
1636,3
1636,2
1636,1
1635,4
1635,3
1635,2
1635,1
1634,4
1634,3
1634,2
1634,1
1633,4
1633,3
1633,2
1633,1
1632,4
1632,3
1632,2
1632,1
1631,4
1631,3
1631,2
1631,1
1630,4
1630,3
1630,2
1630,1
1629,4
1629,3
1629,2
1629,1
1628,4
1628,3
1628,2
1628,1
1627,4
1627,3
1627,2
1627,1
1626,4
1626,3
1626,2
1626,1
1625,4
1625,3
1625,2
1625,1
1624,4
1624,3
1624,2
1624,1
1623,4
1623,3
1623,2
1623,1
1622,4
1622,3
1622,2
1622,1
1621,4
1621,3
1621,2
1621,1
1620,4
1620,3
1620,2
1620,1
4294967279,400
1619,4
1619,3
1619,2
1619,1
1618,4
1618,3
1618,2
1618,1
1617,4
1617,3
1617,2
1617,1
1616,4
1616,3
1616,2
1616,1
1615,4
1615,3
1615,2
1615,1
1614,4
1614,3
1614,2
1614,1
1613,4
1613,3
1613,2
1613,1
1612,4
1612,3
1612,2
1612,1
1611,4
1611,3
1611,2
1611,1
1610,4
1610,3
1610,2
1610,1
1609,4
1609,3
1609,2
1609,1
1608,4
1608,3
1608,2
1608,1
1607,4
1607,3
1607,2
1607,1
1606,4
1606,3
1606,2
1606,1
1605,4
1605,3
1605,2
1605,1
1604,4
1604,3
1604,2
1604,1
1603,4
1603,3
1603,2
1603,1
4294967294,1301
4294967279,396
4294967279,395
4294967278,307
4294967279,394
4294967279,393
4294967278,306
4294967278,305
4294967278,304
4294967279,392
4294967279,391
4294967279,390
4294967278,303
4294967278,301
4294967279,389
4294967279,388
4294967278,300
4294967278,299
4294967279,386
4294967279,385
4294967279,384
1602,4
1602,3
1602,2
1602,1
1601,4
1601,3
1601,2
1601,1
1600,4
1600,3
1600,2
1600,1
1599,4
1599,3
1599,2
1599,1
1598,4
1598,3
1598,2
1598,1
1597,4
1597,3
1597,2
1597,1
1596,4
1596,3
1596,2
1596,1
1595,4
1595,3
1595,2
1595,1
1594,4
1594,3
1594,2
1594,1
1593,4
1593,3
1593,2
1593,1
1592,4
1592,3
1592,2
1592,1
1591,4
1591,3
1591,2
1591,1
1590,4
1590,3
1590,2
1590,1
1589,4
1589,3
1589,2
1589,1
1588,4
1588,3
1588,2
1588,1
1587,4
1587,3
1587,2
1587,1
1586,4
1586,3
1586,2
1586,1
1585,4
1585,3
1585,2
1585,1
1584,4
1584,3
1584,2
1584,1
1583,4
1583,3
1583,2
1583,1
1582,4
1582,3
1582,2
1582,1
1581,4
1581,3
1581,2
1581,1
1580,4
1580,3
1580,2
1580,1
1579,4
1579,3
1579,2
1579,1
1578,4
1578,3
1578,2
1578,1
1577,4
1577,3
1577,2
1577,1
1576,4
1576,3
1576,2
1576,1
1575,4
1575,3
1575,2
1575,1
4294967294,511
1574,4
1574,3
1574,2
1574,1
1573,4
1573,3
1573,2
1573,1
1572,4
1572,3
1572,2
1572,1
1571,4
1571,3
1571,2
1571,1
1570,4
1570,3
1570,2
1570,1
1569,4
1569,3
1569,2
1569,1
1568,4
1568,3
1568,2
1568,1
1567,4
1567,3
1567,2
1567,1
1566,4
1566,3
1566,2
1566,1
1565,4
1565,3
1565,2
1565,1
1564,4
1564,3
1564,2
1564,1
4294967294,510
4294967278,298
4294967278,332
4294967278,355
4294967279,318
4294967279,317
4294967278,297
4294967279,316
4294967278,296
4294967279,315
4294967278,295
4294967278,294
4294967279,314
4294967278,293
4294967279,313
4294967278,292
4294967279,312
4294967279,311
4294967278,291
4294967294,509
4294967279,310
4294967278,290
4294967294,483
4294967279,309
4294967294,508
4294967294,1300
4294967278,289
4294967293,131
4294967293,130
4294967293,129
4294967293,128
4294967293,127
4294967293,126
4294967293,125
4294967293,124
4294967293,123
4294967293,122
4294967293,121
4294967293,120
4294967293,119
4294967293,118
4294967293,117
4294967293,116
4294967293,115
4294967293,114
4294967293,113
4294967293,112
4294967293,111
4294967293,110
4294967293,109
4294967293,108
4294967293,107
4294967293,106
4294967293,105
4294967293,104
4294967293,103
4294967293,102
4294967293,101
4294967293,100
4294967293,99
4294967293,98
4294967293,97
4294967293,96
4294967293,95
4294967293,94
4294967293,93
4294967293,92
4294967293,91
4294967293,90
4294967293,89
4294967293,88
4294967293,87
4294967293,86
4294967293,85
4294967293,84
4294967293,83
4294967293,82
4294967293,81
4294967293,80
4294967293,79
4294967293,78
4294967293,77
